   0.172005459363167   0.433837750327922
   0.436476887986154   0.189533476108165
   0.426126439858484   0.245177077459831
   0.126108525086537   0.442793890417881
   0.395744576474829   0.285411285921645
   0.227968132086358   0.431029638798132
   0.371798705811386   0.302100719191514
   0.438213252154275   0.194777593685545
   0.176566548775581   0.459454712650822
   0.165955197598140   0.433704218770215
   0.182589823686993   0.433150875145997
   0.063807159737476   0.485816373280242
   0.484239269525527   0.071294247041691
   0.461783051627832   0.161355624042055
   0.442350413842171   0.137949293672053