   0.048895315098903   0.138721436705555
   0.110214680905625   0.143929047881826
   0.043892206812513   0.137745853766855
   0.118258619135703   0.075073554824158
   0.007111284778483   0.170256658081947
   0.265335483734014   0.051146104973658
   0.137229396987731   0.178187316270839
   0.170450231578532   0.069140339914710
   0.013206823040169   0.170173577802741
   0.124057048877012   0.323797438332861
   0.052107494641756   0.158157161385903
   0.172260757464409   0.049464698695541
   0.043266757506222   0.008001631804992
   0.084868598410527   0.125702198627380
   0.061456160812198   0.044833591578138